PriceDate : 20170808
NotionalAMT : 10000.000000
UnderlyingPrice : 130.000000, 150.000000, 130.000000, 150.000000, 130.000000, 150.000000
TCurveInfo : 1.000000, 2.000000, 3.000000, 1.000000, 2.000000, 3.000000, 1.000000, 2.000000, 3.000000, 1.000000, 2.000000, 3.000000
CurveInfo : 0.035138, 0.035138, 0.035138, -0.005200, -0.005200, -0.005200, -0.000100, -0.000100, -0.000100, 0.035138, 0.035138, 0.035138
NT : 3, 3, 3, 3
TVol : 1.000000, 2.000000, 1.000000, 2.000000, 1.000000, 2.000000
Parity : 0.900000, 1.000000, 1.100000, 0.900000, 1.000000, 1.100000, 0.900000, 1.000000, 1.100000
LocalVolSurface : 0.200000, 0.200000, 0.200000, 0.200000, 0.200000, 0.200000, 0.200000, 0.200000, 0.200000, 0.200000, 0.200000, 0.200000, 0.200000, 0.200000, 0.200000, 0.200000, 0.200000, 0.200000
NVol : 2, 2, 2
NParity : 3, 3, 3
UnderlyingCorr : 1.000000, 0.000000, 0.000000, 0.000000, 1.000000, 0.000000, 0.000000, 0.000000, 1.000000
TDiv : 100, 100, 200, 100, 200, 300
Div : 0.035138, 0.035138, 0.035138, 5.000000, 5.000000, 5.000000
NDiv : 1, 2, 3
Div_TypeFlag : 0, 1, 2
FX_TVol : 1.000000, 2.000000, 3.000000, 1.000000, 2.000000, 3.000000, 1.000000, 2.000000, 3.000000
FX_Vol : 0.035138, 0.035138, 0.035138, 0.035138, 0.035138, 0.035138, 0.035138, 0.035138, 0.035138
FX_NVol : 3, 3, 3
FX_Corr : 0.500000, 0.500000, 0.500000
QuantoFlag : 0, 1, 2
NStock : 3
NStrike : 6
X : 0.900000, 0.900000, 0.900000, 0.900000, 0.900000, 0.900000, 0.800000, 0.800000, 0.800000, 0.800000, 0.800000, 0.800000, 0.700000, 0.700000, 0.700000, 0.700000, 0.700000, 0.700000, 0.900000, 0.900000, 0.900000, 0.900000, 0.900000, 0.900000, 0.800000, 0.800000, 0.800000, 0.800000, 0.800000, 0.800000, 0.700000, 0.700000, 0.700000, 0.700000, 0.700000, 0.700000, 0.900000, 0.900000, 0.900000, 0.900000, 0.900000, 0.900000, 0.800000, 0.800000, 0.800000, 0.800000, 0.800000, 0.800000, 0.700000, 0.700000, 0.700000, 0.700000, 0.700000, 0.700000, 0.000000, 0.000000, 0.000000, 0.000000, -53465618062651927000000000000000000000000000000000000000000000000000000000000000000000000000000000000000000000000000000000000000000000000000000000000000000000000000000000000000000000000000000000000000000000000000000000000000000000000000.000000, 0.000000, 0.000000, 0.000000, -1.#QNAN0, 0.000000, 0.000000, -0.000000, 2183939353483140300000000000000000000000000000000000000000000000000000000000000000000000000000000000000000000000000000000000000000000000000000000000000000000000000000000000000000000000000000000000000000000000000000000000000000000000000000000000.000000, 689316910975179100000000000000000000000000000000000000000000000000000000000000000000000000000000000000000000000000000000000000000000000000000000000000000000000000000000000000000000000000000000000000000000000000000.000000, 0.000000, -0.000000, 2183939353483140300000000000000000000000000000000000000000000000000000000000000000000000000000000000000000000000000000000000000000000000000000000000000000000000000000000000000000000000000000000000000000000000000000000000000000000000000000000000.000000, 689316910975179100000000000000000000000000000000000000000000000000000000000000000000000000000000000000000000000000000000000000000000000000000000000000000000000000000000000000000000000000000000000000000000000000000.000000
